	(1)	(2)	(3)	(4)	(5)	(6)	(7)	(8)	(9)	(10)	(11)	(12)
VARIABLES	age	hhhead	eth_hausa	hhmem_no	edchild_percent	assets	drought	cellphone	accesscellphone	usecellphone	makecall	receivecall
												
abc	-0.36	-0.01	0.01	0.02	-0.00	-0.03	-0.03	-0.00	0.04*	0.04	0.03	0.03
	(0.93)	(0.02)	(0.03)	(0.25)	(0.02)	(0.10)	(0.03)	(0.03)	(0.02)	(0.03)	(0.04)	(0.03)
_Iavcode_2	-0.66	-0.05	0.53***	0.71	-0.15***	0.78***	-0.26***	-0.07	-0.09	0.01	0.09	-0.19***
	(3.34)	(0.06)	(0.16)	(0.72)	(0.05)	(0.23)	(0.06)	(0.11)	(0.07)	(0.11)	(0.12)	(0.07)
_Iavcode_3	-0.95	0.03	0.59***	1.04	-0.02	0.52**	-0.28***	-0.10	-0.03	-0.14	0.21**	-0.15
	(3.13)	(0.07)	(0.16)	(0.74)	(0.06)	(0.22)	(0.09)	(0.12)	(0.08)	(0.11)	(0.10)	(0.10)
_Iavcode_4	3.82	0.12**	0.58***	1.82*	-0.09	0.40*	-0.26***	0.10	0.02	0.04	0.17	0.03
	(3.40)	(0.05)	(0.16)	(0.99)	(0.06)	(0.21)	(0.07)	(0.11)	(0.07)	(0.11)	(0.10)	(0.05)
_Iavcode_5	2.70	0.01	-0.05	0.70	-0.11	0.03	-0.03	0.02	0.04	0.09	0.03	0.01
	(3.58)	(0.05)	(0.18)	(0.78)	(0.07)	(0.31)	(0.06)	(0.13)	(0.07)	(0.12)	(0.11)	(0.05)
_Iavcode_6	-2.24	0.09**	-0.38**	-1.74	-0.04	-0.36**	-0.01	-0.30***	-0.27**	-0.17	-0.30***	-0.00
	(4.06)	(0.04)	(0.16)	(1.22)	(0.07)	(0.17)	(0.10)	(0.11)	(0.10)	(0.15)	(0.10)	(0.10)
_Iavcode_8	-8.14***	-0.00	0.55***	-0.99	-0.28***	0.01	-0.06	-0.25**	-0.45***	-0.34**	0.26**	-0.34***
	(2.97)	(0.05)	(0.16)	(0.80)	(0.06)	(0.25)	(0.08)	(0.11)	(0.10)	(0.14)	(0.10)	(0.08)
_Iavcode_9	-8.09***	-0.09	0.31*	-1.50*	-0.05	0.21	-0.11	-0.13	-0.09	-0.11	0.10	-0.09**
	(2.99)	(0.06)	(0.18)	(0.80)	(0.05)	(0.28)	(0.25)	(0.15)	(0.08)	(0.12)	(0.09)	(0.04)
_Iavcode_10	-6.48*	-0.04	0.32	0.18	-0.06	0.52*	-0.20***	0.00	-0.06	-0.05	0.02	-0.09
	(3.26)	(0.05)	(0.20)	(0.76)	(0.06)	(0.29)	(0.08)	(0.12)	(0.07)	(0.12)	(0.12)	(0.12)
_Iavcode_11	-5.69*	-0.05	-0.29*	-1.88*	-0.36***	0.64***	-0.10	-0.07	-0.13*	-0.19	-0.08	-0.02
	(2.88)	(0.05)	(0.16)	(1.08)	(0.05)	(0.18)	(0.07)	(0.10)	(0.07)	(0.13)	(0.13)	(0.09)
_Iavcode_12	-2.29	0.07*	0.09	-0.60	0.04	0.21	-0.21**	-0.09	-0.14	-0.12	-0.10	-0.05
	(3.85)	(0.04)	(0.19)	(0.76)	(0.07)	(0.23)	(0.10)	(0.11)	(0.10)	(0.13)	(0.12)	(0.06)
_Iavcode_13	1.86	-0.00	0.57***	1.30*	0.13*	0.62**	-0.35***	0.14	0.03	0.01	-0.04	0.05
	(3.14)	(0.08)	(0.16)	(0.71)	(0.07)	(0.31)	(0.08)	(0.11)	(0.08)	(0.11)	(0.10)	(0.05)
_Iavcode_14	0.35	-0.01	0.59***	1.03	-0.14**	1.17***	-0.11	0.30***	-0.01	0.11	0.03	-0.04
	(3.90)	(0.08)	(0.16)	(0.86)	(0.06)	(0.43)	(0.16)	(0.11)	(0.08)	(0.13)	(0.13)	(0.09)
_Iavcode_15	0.82	0.06	0.62***	0.31	0.07	0.13	-0.13	0.00	-0.08	-0.04	0.07	-0.04
	(3.45)	(0.04)	(0.16)	(0.70)	(0.07)	(0.23)	(0.09)	(0.12)	(0.08)	(0.16)	(0.11)	(0.07)
_Iavcode_16	3.67	0.05	-0.20	0.78	-0.04	0.55**	0.00	0.02	0.05	0.07	-0.02	0.06
	(3.52)	(0.06)	(0.17)	(0.74)	(0.07)	(0.23)	(0.09)	(0.12)	(0.07)	(0.11)	(0.10)	(0.04)
_Iavcode_17	-9.99***	-0.02	0.23	-0.91	-0.12**	0.26	0.06	0.02	-0.10	-0.09	-0.11	-0.04
	(3.05)	(0.06)	(0.22)	(1.09)	(0.05)	(0.24)	(0.12)	(0.12)	(0.10)	(0.15)	(0.10)	(0.08)
_Iavcode_18	-2.56	-0.01	0.44**	0.69	-0.12**	-0.16	0.05	-0.22	-0.36***	-0.40***	0.32***	-0.32***
	(4.57)	(0.09)	(0.17)	(0.86)	(0.06)	(0.36)	(0.07)	(0.13)	(0.10)	(0.12)	(0.08)	(0.08)
_Iavcode_19	1.13	0.14**	0.62***	1.44	-0.09*	-0.22	-0.38***	-0.25**	0.00	-0.26*	-0.01	-0.14
	(3.21)	(0.05)	(0.16)	(1.16)	(0.05)	(0.30)	(0.06)	(0.12)	(0.08)	(0.13)	(0.17)	(0.12)
_Iavcode_20	-3.87	-0.02	0.53***	0.30	-0.18***	0.26	0.03	-0.21*	-0.47***	-0.41***	0.01	-0.24
	(3.93)	(0.04)	(0.16)	(0.86)	(0.05)	(0.27)	(0.11)	(0.11)	(0.11)	(0.12)	(0.14)	(0.15)
_Iavcode_21	-5.00	-0.03	0.29*	-0.97	-0.27***	-0.30	-0.09	-0.25**	-0.50***	-0.42***	-0.10	-0.13
	(3.07)	(0.05)	(0.17)	(0.76)	(0.06)	(0.20)	(0.08)	(0.11)	(0.07)	(0.12)	(0.23)	(0.10)
_Iavcode_22	-5.60	-0.10	0.62***	2.60***	-0.05	1.08***	-0.35***	0.08	0.04	-0.04	-0.02	-0.00
	(3.45)	(0.07)	(0.16)	(0.67)	(0.05)	(0.20)	(0.09)	(0.11)	(0.08)	(0.12)	(0.12)	(0.07)
												
Observations	1,038	1,033	1,038	1,038	1,012	1,038	1,038	1,035	1,038	1,026	570	570
R-squared	0.10	0.01	0.41	0.07	0.15	0.06	0.08	0.10	0.20	0.12	0.06	0.08
Robust standard errors in parentheses												
*** p<0.01, ** p<0.05, * p<0.1												
